141 76
432 444
479 174
597 677
595 451
189 288
796 417
99 56
112 362
159 308
65 6
799 600
175 427
702 164
217 474
205 21
484 0
559 119
780 120
647 522
687 136
530 462
701 295
13 742
14 36
547 746
278 690
790 340
211 777
355 303
505 241
260 511
549 442
270 484
657 573
27 466
443 118
671 196
593 389
719 669
188 698
88 236
251 473
187 677
75 82
315 246
230 663
55 51
474 316
56 281
670 254
662 611
450 147
263 703
771 563
738 505
197 97
599 43
27 514
708 289
263 710
787 761
398 597
328 689
714 712
664 629
259 238
143 392
293 264
339 213
27 167
303 164
206 637
398 632
172 479
3 503
782 154
629 469
675 91
338 89
725 200
299 659
243 758
196 311
225 368
716 563
254 46
748 221
603 257
668 767
667 18
251 577
170 695
535 262
464 492
173 140
454 220
304 9
620 184
51 761
